// Game: func
// Format: Valve
// entity 0
{
"mapversion" "220"
"wad" ""
"classname" "worldspawn"
// brush 0
{
( -464 352 16 ) ( -464 -320 16 ) ( -464 -320 -16 ) __TB_empty [ 0 -1.0000000000000002 0 0 ] [ 0 0 1.0000000000000002 -6.038208 ] 0 1 1
( -464 -320 16 ) ( 464 -320 16 ) ( 464 -320 -16 ) __TB_empty [ 1.0000000000000002 0 0 0 ] [ 0 0 1.0000000000000002 0 ] 0 1 1
( 464 -320 -16 ) ( 464 352 -16 ) ( -464 352 -16 ) __TB_empty [ -1 0 0 0 ] [ 0 -1 0 0 ] 0 1 1
( -464 352 16 ) ( 464 352 16 ) ( 464 -320 16 ) __TB_empty [ 1 0 0 0 ] [ 0 -1 0 0 ] 0 1 1
( 464 352 -16 ) ( 464 352 16 ) ( -464 352 16 ) __TB_empty [ -1.0000000000000002 0 0 0 ] [ 0 0 1.0000000000000002 0 ] 0 1 1
( 464 -320 16 ) ( 464 352 16 ) ( 464 352 -16 ) __TB_empty [ 0 1.0000000000000002 0 0 ] [ 0 0 1.0000000000000002 -16.11325 ] 0 1 1
}
// brush 1
{
( 64 -82.74516600405794 16 ) ( 64 -82.74516600406184 80 ) ( 64 -109.2548339959421 80 ) __TB_empty [ 0 -1 0 0 ] [ 0 0 -1 0 ] 0 1 1
( 82.74516600405332 -64 16 ) ( 82.74516600406133 -64 80 ) ( 64 -82.74516600406184 80 ) __TB_empty [ -0.7071067811865481 -0.707106781186547 0 0 ] [ 0 0 -1 0 ] 0 1 1
( 64 -109.2548339959421 80 ) ( 82.74516600405792 -128 80 ) ( 82.74516600405792 -128 16 ) __TB_empty [ 0.7071067811865474 -0.7071067811865478 0 0 ] [ 0 0 -1 0 ] 0 1 1
( 109.25483399593213 -128 80 ) ( 109.254833995939 -128 16 ) ( 82.74516600405792 -128 16 ) __TB_empty [ 1 0 0 0 ] [ 0 0 -1 0 ] 0 1 1
( 128 -109.25483399593853 16 ) ( 128 -82.74516600405704 16 ) ( 109.25483399593806 -64 16 ) __TB_empty [ -1 0 0 0 ] [ 0 -1 0 0 ] 0 1 1
( 109.2548339959285 -64 80 ) ( 128 -82.74516600406423 80 ) ( 128 -109.25483399593605 80 ) __TB_empty [ -1.0000000000000002 0 0 2.745163 ] [ 0 -1.0000000000000002 0 0 ] 0 1 1
( 82.74516600405332 -64 16 ) ( 109.25483399593806 -64 16 ) ( 109.2548339959285 -64 80 ) __TB_empty [ -1 0 0 0 ] [ 0 0 -1 0 ] 0 1 1
( 128 -82.74516600406423 80 ) ( 109.2548339959285 -64 80 ) ( 109.25483399593806 -64 16 ) __TB_empty [ -0.7071067811865476 0.7071067811865476 0 0 ] [ 0 0 -1 0 ] 0 1 1
( 128 -109.25483399593853 16 ) ( 109.254833995939 -128 16 ) ( 109.25483399593213 -128 80 ) __TB_empty [ 0.7071067811865476 0.7071067811865476 0 0 ] [ 0 0 -1 0 ] 0 1 1
( 128 -82.74516600406423 80 ) ( 128 -82.74516600405704 16 ) ( 128 -109.25483399593853 16 ) __TB_empty [ 0 1 0 0 ] [ 0 0 -1 0 ] 0 1 1
}
// brush 2
{
( 64 -82.74516600405794 16 ) ( 64 -82.74516600406184 80 ) ( 64 -109.2548339959421 80 ) __TB_empty [ 0 -1 0 0 ] [ 0 0 -1 0 ] 0 1 1
( 82.74516600405332 -64 16 ) ( 82.74516600406133 -64 80 ) ( 64 -82.74516600406184 80 ) __TB_empty [ -0.7071067811865481 -0.707106781186547 0 0 ] [ 0 0 -1 0 ] 0 1 1
( 64 -109.2548339959421 80 ) ( 82.74516600405792 -128 80 ) ( 82.74516600405792 -128 16 ) __TB_empty [ 0.7071067811865474 -0.7071067811865478 0 0 ] [ 0 0 -1 0 ] 0 1 1
( 109.25483399593213 -128 80 ) ( 109.254833995939 -128 16 ) ( 82.74516600405792 -128 16 ) __TB_empty [ 1 0 0 0 ] [ 0 0 -1 0 ] 0 1 1
( 128 -109.25483399593853 16 ) ( 128 -82.74516600405704 16 ) ( 109.25483399593806 -64 16 ) __TB_empty [ -1 0 0 0 ] [ 0 -1 0 0 ] 0 1 1
( 109.2548339959285 -64 80 ) ( 128 -82.74516600406423 80 ) ( 128 -109.25483399593605 80 ) __TB_empty [ -1.0000000000000002 0 0 2.745163 ] [ 0 -1.0000000000000002 0 0 ] 0 1 1
( 82.74516600405332 -64 16 ) ( 109.25483399593806 -64 16 ) ( 109.2548339959285 -64 80 ) __TB_empty [ -1 0 0 0 ] [ 0 0 -1 0 ] 0 1 1
( 128 -82.74516600406423 80 ) ( 109.2548339959285 -64 80 ) ( 109.25483399593806 -64 16 ) __TB_empty [ -0.7071067811865476 0.7071067811865476 0 0 ] [ 0 0 -1 0 ] 0 1 1
( 128 -109.25483399593853 16 ) ( 109.254833995939 -128 16 ) ( 109.25483399593213 -128 80 ) __TB_empty [ 0.7071067811865476 0.7071067811865476 0 0 ] [ 0 0 -1 0 ] 0 1 1
( 128 -82.74516600406423 80 ) ( 128 -82.74516600405704 16 ) ( 128 -109.25483399593853 16 ) __TB_empty [ 0 1 0 0 ] [ 0 0 -1 0 ] 0 1 1
}
// brush 3
{
( -128 -82.74516600405794 16 ) ( -128 -82.74516600406184 80 ) ( -128 -109.2548339959421 80 ) __TB_empty [ 0 -1 0 0 ] [ 0 0 -1 0 ] 270 1 1
( -109.25483399594668 -64 16 ) ( -109.25483399593867 -64 80 ) ( -128 -82.74516600406184 80 ) __TB_empty [ -0.7071067811865481 -0.707106781186547 0 -7.764496 ] [ 0 0 -1 0 ] 270 1 1
( -128 -109.2548339959421 80 ) ( -109.25483399594208 -128 80 ) ( -109.25483399594208 -128 16 ) __TB_empty [ 0.7071067811865474 -0.7071067811865478 0 7.764496 ] [ 0 0 -1 0 ] 270 1 1
( -82.74516600406787 -128 80 ) ( -82.74516600406099 -128 16 ) ( -109.25483399594208 -128 16 ) __TB_empty [ 1 0 0 0 ] [ 0 0 -1 0 ] 270 1 1
( -64 -109.25483399593853 16 ) ( -64 -82.74516600405704 16 ) ( -82.74516600406196 -64 16 ) __TB_empty [ -1 0 0 0 ] [ 0 -1 0 0 ] 270 1 1
( -82.7451660040715 -64 80 ) ( -64 -82.74516600406423 80 ) ( -64 -109.25483399593605 80 ) __TB_empty [ -1.0000000000000002 0 0 -29.254837 ] [ 0 -1.0000000000000002 0 0 ] 90 1 1
( -109.25483399594668 -64 16 ) ( -82.74516600406196 -64 16 ) ( -82.7451660040715 -64 80 ) __TB_empty [ -1 0 0 0 ] [ 0 0 -1 0 ] 270 1 1
( -64 -82.74516600406423 80 ) ( -82.7451660040715 -64 80 ) ( -82.74516600406196 -64 16 ) __TB_empty [ -0.7071067811865476 0.7071067811865476 0 -7.764496 ] [ 0 0 -1 0 ] 270 1 1
( -64 -109.25483399593853 16 ) ( -82.74516600406099 -128 16 ) ( -82.74516600406787 -128 80 ) __TB_empty [ 0.7071067811865476 0.7071067811865476 0 7.764496 ] [ 0 0 -1 0 ] 270 1 1
( -64 -82.74516600406423 80 ) ( -64 -82.74516600405704 16 ) ( -64 -109.25483399593853 16 ) __TB_empty [ 0 1 0 0 ] [ 0 0 -1 0 ] 270 1 1
}
// brush 4
{
( 64 109.25483399594206 16 ) ( 64 109.25483399593816 80 ) ( 64 82.7451660040579 80 ) __TB_empty [ 0 -1 0 0 ] [ 0 0 -1 0 ] 0 1 1
( 82.74516600405332 128 16 ) ( 82.74516600406133 128 80 ) ( 64 109.25483399593816 80 ) __TB_empty [ -0.7071067811865481 -0.707106781186547 0 -24.235504 ] [ 0 0 -1 0 ] 0 1 1
( 64 82.7451660040579 80 ) ( 82.74516600405792 64 80 ) ( 82.74516600405792 64 16 ) __TB_empty [ 0.7071067811865474 -0.7071067811865478 0 7.764496 ] [ 0 0 -1 0 ] 0 1 1
( 109.25483399593213 64 80 ) ( 109.25483399593901 64 16 ) ( 82.74516600405792 64 16 ) __TB_empty [ 1 0 0 0 ] [ 0 0 -1 0 ] 0 1 1
( 128 82.74516600406147 16 ) ( 128 109.25483399594296 16 ) ( 109.25483399593804 128 16 ) __TB_empty [ -1 0 0 0 ] [ 0 -1 0 0 ] 0 1 1
( 109.2548339959285 128 80 ) ( 128 109.25483399593577 80 ) ( 128 82.74516600406395 80 ) __TB_empty [ -1.0000000000000002 0 0 -29.254837 ] [ 0 -1.0000000000000002 0 0 ] 0 1 1
( 82.74516600405332 128 16 ) ( 109.25483399593804 128 16 ) ( 109.2548339959285 128 80 ) __TB_empty [ -1 0 0 0 ] [ 0 0 -1 0 ] 0 1 1
( 128 109.25483399593577 80 ) ( 109.2548339959285 128 80 ) ( 109.25483399593804 128 16 ) __TB_empty [ -0.7071067811865476 0.7071067811865476 0 -7.764496 ] [ 0 0 -1 0 ] 0 1 1
( 128 82.74516600406147 16 ) ( 109.25483399593901 64 16 ) ( 109.25483399593213 64 80 ) __TB_empty [ 0.7071067811865476 0.7071067811865476 0 24.235504 ] [ 0 0 -1 0 ] 0 1 1
( 128 109.25483399593577 80 ) ( 128 109.25483399594296 16 ) ( 128 82.74516600406147 16 ) __TB_empty [ 0 1 0 0 ] [ 0 0 -1 0 ] 0 1 1
}
// brush 5
{
( -128 109.25483399594206 16 ) ( -128 109.25483399593816 80 ) ( -128 82.7451660040579 80 ) __TB_empty [ 0 -1 0 0 ] [ 0 0 -1 0 ] 180 1 1
( -109.25483399594668 128 16 ) ( -109.25483399593867 128 80 ) ( -128 109.25483399593816 80 ) __TB_empty [ -0.7071067811865481 -0.707106781186547 0 0 ] [ 0 0 -1 0 ] 180 1 1
( -128 82.7451660040579 80 ) ( -109.25483399594208 64 80 ) ( -109.25483399594208 64 16 ) __TB_empty [ 0.7071067811865474 -0.7071067811865478 0 15.528992 ] [ 0 0 -1 0 ] 180 1 1
( -82.74516600406787 64 80 ) ( -82.74516600406099 64 16 ) ( -109.25483399594208 64 16 ) __TB_empty [ 1 0 0 0 ] [ 0 0 -1 0 ] 180 1 1
( -64 82.74516600406147 16 ) ( -64 109.25483399594296 16 ) ( -82.74516600406196 128 16 ) __TB_empty [ -1 0 0 0 ] [ 0 -1 0 0 ] 180 1 1
( -82.7451660040715 128 80 ) ( -64 109.25483399593577 80 ) ( -64 82.74516600406395 80 ) __TB_empty [ -1.0000000000000002 0 0 -29.254837 ] [ 0 -1.0000000000000002 0 0 ] 180 1 1
( -109.25483399594668 128 16 ) ( -82.74516600406196 128 16 ) ( -82.7451660040715 128 80 ) __TB_empty [ -1 0 0 0 ] [ 0 0 -1 0 ] 180 1 1
( -64 109.25483399593577 80 ) ( -82.7451660040715 128 80 ) ( -82.74516600406196 128 16 ) __TB_empty [ -0.7071067811865476 0.7071067811865476 0 -15.528992 ] [ 0 0 -1 0 ] 180 1 1
( -64 82.74516600406147 16 ) ( -82.74516600406099 64 16 ) ( -82.74516600406787 64 80 ) __TB_empty [ 0.7071067811865476 0.7071067811865476 0 0 ] [ 0 0 -1 0 ] 180 1 1
( -64 109.25483399593577 80 ) ( -64 109.25483399594296 16 ) ( -64 82.74516600406147 16 ) __TB_empty [ 0 1 0 0 ] [ 0 0 -1 0 ] 180 1 1
}
// brush 6
{
( 0 240 80 ) ( -32 226.74516600406093 16 ) ( -32 253.25483399593907 16 ) __TB_empty [ -1.3401577416544633e-16 -1 0 0 ] [ -0.44721359549995787 5.993367621823962e-17 -0.894427190999916 0 ] 0 1 1
( 0 240 80 ) ( -13.25483399593906 208 16 ) ( -32 226.74516600406093 16 ) __TB_empty [ 0.7071067811865476 -0.7071067811865476 0 0 ] [ -0.31622776601683805 -0.31622776601683805 -0.8944271909999159 0 ] 0 1 1
( 0 240 80 ) ( -32 253.25483399593907 16 ) ( -13.254833995939041 272 16 ) __TB_empty [ -0.7071067811865479 -0.7071067811865472 0 0 ] [ -0.3162277660168379 0.31622776601683816 -0.894427190999916 0 ] 0 1 1
( 13.254833995939045 208 16 ) ( -13.25483399593906 208 16 ) ( 0 240 80 ) __TB_empty [ 1 0 0 0 ] [ 0 -0.447213595499958 -0.894427190999916 0 ] 0 1 1
( 32 253.25483399593904 16 ) ( 13.254833995939045 208 16 ) ( 32 226.74516600406096 16 ) __TB_empty [ -1 0 0 0 ] [ 0 -1 0 0 ] 0 1 1
( 13.254833995939045 272 16 ) ( 0 240 80 ) ( -13.254833995939041 272 16 ) __TB_empty [ -1 0 0 0 ] [ 0 0.447213595499958 -0.894427190999916 0 ] 0 1 1
( 32 226.74516600406096 16 ) ( 13.254833995939045 208 16 ) ( 0 240 80 ) __TB_empty [ 0.7071067811865474 0.7071067811865478 0 0 ] [ 0.316227766016838 -0.31622776601683783 -0.894427190999916 0 ] 0 1 1
( 32 253.25483399593904 16 ) ( 0 240 80 ) ( 13.254833995939045 272 16 ) __TB_empty [ -0.7071067811865474 0.7071067811865478 0 0 ] [ 0.316227766016838 0.31622776601683783 -0.894427190999916 0 ] 0 1 1
( 32 253.25483399593904 16 ) ( 32 226.74516600406096 16 ) ( 0 240 80 ) __TB_empty [ 0 1 0 0 ] [ 0.447213595499958 0 -0.894427190999916 0 ] 0 1 1
}
}
